SAT-1
1 90401U 25007A   25210.50000000  .00000000  00000-0  00000-0 0  9991
2 90401   0.0500  45.0000 0001000  90.0000  20.0000  1.00270000    11
SAT-2
1 90402U 25007B   25210.50000000  .00000000  00000-0  00000-0 0  9992
2 90402   0.0500  45.0000 0001000  90.0000  60.0000  1.00270000    12
SAT-3
1 90403U 25007C   25210.50000000  .00000000  00000-0  00000-0 0  9993
2 90403   0.0500  45.0000 0001000  90.0000 100.0000  1.00270000    13
SAT-4
1 90404U 25007D   25210.50000000  .00000000  00000-0  00000-0 0  9994
2 90404   0.0500  45.0000 0001000  90.0000 140.0000  1.00270000    14
